PIXSIZE=0.432088
XCENTER=1150.00
YCENTER=1264.00
AXERAT=2.31582
PA_IMAGE=84.0939
XCENTER=1294.00
YCENTER=1578.00
AXERAT=1.32541
PA_IMAGE=78.3952
XCENTER=1774.00
YCENTER=1660.00
AXERAT=2.24547
PA_IMAGE=100.101
XCENTER=1902.00
YCENTER=1688.00
AXERAT=1.73419
PA_IMAGE=78.0434
